# 22 5B
# 23 5A
# 24 5A
# 25 5B
# 26 5B
# 27 5A
# 28 5B
# 29 5B
# 160 1A
# 161 1A
# 162 1A
# 163 1A
# 164 1A
# 90 2A
# 165 1B
# 91 2B
# 210 2B
# 166 3A
# 92 4A
# 211 2B
# 167 3A
# 93 1B
# 212 4B
# 168 1A
# 94 1B
# 213 2B
# 169 1A
# 95 1B
# 214 4B
# 96 1B
# 215 2B
# 97 1B
# 216 4B
# 98 1B
# 217 2B
# 99 5A
# 218 2B
# 100 1B
# 219 4B
# 101 1B
# 102 1B
# 103 1B
# 104 1B
# 30 5A
# 105 1B
# 31 5A
# 106 1B
# 32 5A
# 107 1B
# 33 4A
# 108 3B
# 34 5A
# 109 1B
# 35 5A
# 36 4A
# 37 4A
# 38 5A
# 39 5A
# 170 1A
# 171 1A
# 172 1A
# 173 3A
# 174 1A
# 175 4A
# 220 4B
# 176 1A
# 0 5B
# 221 2B
# 177 3A
# 1 5B
# 222 2B
# 178 3A
# 2 5B
# 223 2A
# 179 4B
# 3 5B
# 224 2A
# 4 5B
# 225 2A
# 5 5B
# 226 1B
# 6 5B
# 227 3A
# 7 5B
# 228 2A
# 110 1B
# 8 5B
# 229 1B
# 111 1B
# 9 5B
# 112 1B
# 113 1B
# 114 1B
# 40 4A
# 115 3B
# 41 5A
# 116 2B
# 42 4B
# 117 2B
# 43 5A
# 118 4A
# 44 4A
# 119 2B
# 45 4A
# 46 4A
# 47 4A
# 48 4A
# 49 4A
# 180 4B
# 181 4B
# 182 4B
# 183 3A
# 184 4A
# 185 4B
# 230 2A
# 186 4B
# 231 2A
# 187 3A
# 232 2A
# 188 4B
# 233 2A
# 189 3A
# 234 1B
# 235 2A
# 120 3B
# 121 2B
# 122 3B
# 123 2B
# 124 1A
# 50 4A
# 125 3B
# 51 4A
# 126 2B
# 52 4A
# 127 3A
# 53 4A
# 128 2B
# 54 4A
# 129 3A
# 55 3B
# 56 3B
# 57 3B
# 58 3B
# 59 3B
# 190 5B
# 191 4B
# 192 3A
# 193 4B
# 194 4B
# 195 4A
# 196 3A
# 197 3A
# 198 4B
# 199 2B
# 130 3A
# 131 3A
# 132 3A
# 133 3B
# 134 4A
# 60 3B
# 135 3B
# 61 5B
# 136 2B
# 62 3B
# 137 3B
# 63 3B
# 138 3A
# 64 3B
# 139 3A
# 65 3B
# 66 3B
# 67 5B
# 68 3B
# 69 3B
# 140 2B
# 141 3A
# 142 2B
# 143 1B
# 144 3A
# 70 5B
# 145 3A
# 71 5B
# 146 2B
# 72 3B
# 147 5A
# 73 4B
# 148 1A
# 74 2A
# 149 1A
# 75 2A
# 76 2A
# 77 2A
# 78 2A
# 79 2A
# 10 5B
# 11 5B
# 12 5A
# 13 5A
# 14 5A
# 15 5A
# 16 5A
# 17 5A
# 18 5A
# 19 5B
# 150 1A
# 151 1A
# 152 1A
# 153 1A
# 154 3A
# 80 2A
# 155 1A
# 81 4A
# 200 2A
# 156 1B
# 82 2A
# 201 2B
# 157 1A
# 83 2A
# 202 2B
# 158 1A
# 84 4B
# 203 4B
# 159 1A
# 85 4B
# 204 2B
# 86 5A
# 205 3A
# 87 2A
# 206 2B
# 88 2A
# 207 2B
# 89 2A
# 208 4B
# 209 4B
# 20 5A
# 21 5B
0	1
0	2
0	3
0	4
0	7
0	8
0	9
0	11
0	13
0	17
0	21
0	23
0	25
0	26
0	28
0	32
0	38
0	41
0	46
0	48
0	61
0	67
0	70
0	71
0	190
0	195
1	3
1	5
1	6
1	8
1	9
1	11
1	15
1	19
1	21
1	22
1	28
1	61
1	67
1	71
1	190
2	13
2	21
2	23
2	25
2	31
2	32
2	33
2	41
2	61
2	67
2	70
3	4
3	5
3	6
3	8
3	9
3	11
3	14
3	15
3	19
3	21
3	22
3	25
3	26
3	29
3	35
3	55
3	61
3	67
4	5
4	7
4	11
4	22
4	26
4	70
4	190
4	195
5	6
5	8
5	9
5	11
5	14
5	15
5	19
5	21
5	22
5	25
5	26
5	29
5	43
5	48
5	61
5	67
5	71
5	190
5	193
6	11
6	15
6	22
6	25
6	29
6	34
6	40
6	47
6	48
6	59
6	65
6	67
6	70
6	188
6	203
6	214
6	220
7	9
7	16
7	21
7	22
7	23
7	26
7	67
7	70
7	71
7	190
8	9
8	11
8	14
8	15
8	19
8	21
8	25
8	26
8	28
8	29
8	30
8	32
8	34
8	36
8	61
8	70
8	166
8	184
8	190
9	11
9	17
9	21
9	22
9	25
9	26
9	28
9	29
9	30
9	54
9	58
9	63
9	67
9	70
9	83
9	118
9	175
9	198
9	209
10	28
10	67
11	21
11	22
11	25
11	28
11	29
11	30
11	35
11	38
11	48
11	61
11	67
11	190
11	214
12	13
12	15
12	17
12	18
12	20
12	23
12	29
12	30
12	31
12	34
12	35
12	41
12	43
12	61
12	71
12	86
12	99
13	14
13	15
13	16
13	17
13	20
13	21
13	23
13	26
13	30
13	31
13	32
13	35
13	38
13	41
13	43
13	67
13	71
13	99
14	15
14	17
14	18
14	20
14	29
14	30
14	34
14	35
14	39
14	61
15	16
15	20
15	21
15	23
15	29
15	30
15	32
15	34
15	35
15	43
15	61
15	67
15	134
16	17
16	18
16	20
16	23
16	24
16	30
16	31
16	32
16	34
16	35
16	39
16	41
16	43
16	67
16	71
16	86
16	99
17	21
17	23
17	24
17	26
17	27
17	32
17	39
17	41
17	43
17	48
17	67
17	99
18	24
18	25
18	30
18	31
18	34
18	39
18	147
19	61
20	23
20	31
20	32
20	35
20	39
20	41
20	43
20	147
21	23
21	25
21	26
21	28
21	43
21	67
21	70
21	71
21	190
22	25
22	26
22	29
22	67
22	71
22	190
23	24
23	26
23	30
23	32
23	34
23	35
23	38
23	41
23	43
23	67
24	27
24	31
24	32
24	34
24	38
24	39
24	43
24	99
24	147
25	28
25	29
25	30
25	34
25	35
25	47
25	48
25	61
25	67
25	175
25	214
26	30
26	32
26	43
26	48
26	61
26	67
26	70
26	71
26	190
27	32
27	39
28	32
28	38
28	67
28	70
28	71
29	31
29	55
29	61
29	71
29	190
30	34
30	35
30	41
30	43
30	99
31	32
31	34
31	39
31	41
31	43
31	86
31	99
31	147
32	35
32	38
32	39
32	41
32	43
32	67
32	70
32	99
33	36
33	37
33	40
33	45
33	46
33	47
33	48
33	49
33	50
33	51
33	52
33	53
33	54
33	81
33	92
33	118
33	134
33	175
33	179
33	184
33	195
33	198
33	209
34	35
34	47
34	67
34	86
34	99
34	147
34	179
34	195
34	214
35	41
35	195
36	37
36	44
36	45
36	46
36	47
36	48
36	49
36	50
36	51
36	52
36	61
36	63
36	92
36	118
36	134
36	184
36	188
37	40
37	44
37	45
37	46
37	47
37	48
37	49
37	50
37	51
37	52
37	53
37	54
37	92
37	118
37	134
37	175
37	184
37	195
38	43
38	67
39	41
39	147
40	46
40	48
40	52
40	54
40	59
40	142
40	195
40	214
41	43
41	70
41	99
41	198
42	84
42	144
42	179
42	188
42	203
42	208
42	214
42	219
43	48
43	67
43	70
44	46
44	48
44	49
44	50
44	118
44	184
44	195
45	46
45	47
45	48
45	51
45	52
45	53
45	54
45	81
45	92
45	118
45	175
45	184
45	195
46	47
46	48
46	49
46	50
46	51
46	52
46	53
46	92
46	118
46	134
46	175
46	179
46	184
46	195
46	198
46	199
46	209
47	48
47	49
47	53
47	54
47	81
47	92
47	179
47	184
47	188
47	195
47	203
47	214
47	220
48	49
48	50
48	51
48	52
48	53
48	54
48	81
48	92
48	118
48	134
48	142
48	155
48	175
48	179
48	184
48	195
48	203
48	214
49	50
49	51
49	52
49	81
49	92
49	118
49	175
49	184
49	195
50	51
50	52
50	53
50	54
50	63
50	81
50	92
50	118
50	175
50	184
50	195
50	203
50	220
51	52
51	53
51	92
51	118
51	175
51	184
51	195
52	53
52	54
52	92
52	118
52	134
52	175
52	184
53	81
53	92
53	118
53	175
53	184
53	195
54	55
54	56
54	58
54	68
54	92
54	103
54	115
54	118
54	134
54	175
54	195
55	56
55	58
55	59
55	63
55	64
55	65
55	68
55	72
55	120
55	125
55	135
55	151
55	154
55	166
55	187
55	189
56	57
56	58
56	59
56	60
56	63
56	65
56	66
56	68
56	69
56	108
56	115
56	122
56	125
56	130
56	134
56	154
56	166
56	169
56	174
56	178
56	192
57	58
57	59
57	63
57	64
57	65
57	66
57	68
57	69
57	108
57	115
57	120
57	122
57	125
57	131
57	133
57	135
57	137
57	139
57	144
57	173
57	177
58	59
58	60
58	62
58	63
58	65
58	66
58	68
58	69
58	72
58	108
58	115
58	118
58	120
58	133
58	134
58	135
58	137
58	154
58	166
58	189
58	192
58	198
58	209
59	63
59	64
59	65
59	66
59	69
59	72
59	108
59	115
59	125
59	133
59	135
59	144
59	214
60	63
60	64
60	66
60	108
60	115
60	120
60	122
60	130
60	133
60	174
61	63
61	67
61	70
61	184
61	190
62	63
62	64
62	66
62	69
62	137
63	64
63	66
63	68
63	69
63	72
63	108
63	115
63	118
63	120
63	122
63	125
63	127
63	132
63	133
63	134
63	135
63	137
63	154
63	166
63	173
63	184
63	189
63	192
63	198
63	209
64	65
64	69
64	108
64	115
64	122
64	125
64	127
64	137
65	68
65	69
65	72
65	108
65	115
65	122
65	209
65	214
66	68
66	108
66	115
66	120
66	122
66	125
66	133
66	205
67	70
67	71
67	190
68	72
68	108
68	115
68	120
68	134
68	135
68	141
68	154
68	166
68	199
68	223
69	72
69	108
69	120
69	122
69	127
69	132
69	135
69	189
70	190
71	190
72	120
72	125
72	132
72	135
72	144
72	167
72	187
73	84
73	179
73	181
73	188
73	216
73	219
74	75
74	80
74	87
74	88
74	89
74	235
75	88
75	89
75	116
75	124
75	146
75	155
75	200
75	223
75	228
75	235
76	78
76	79
76	82
76	83
76	89
76	90
76	141
76	183
76	223
76	224
77	79
77	224
77	232
78	79
78	82
78	83
78	89
78	90
78	101
78	114
78	121
78	123
78	127
78	136
78	145
78	148
78	158
78	189
78	196
78	200
78	202
78	218
78	223
78	225
78	228
78	230
78	231
79	89
79	224
79	228
79	232
80	87
80	200
80	224
80	228
80	231
80	233
81	134
81	184
81	195
82	83
82	87
82	89
82	90
82	199
82	200
82	206
82	217
82	223
82	228
82	230
82	231
82	233
83	88
83	97
83	101
83	107
83	117
83	121
83	127
83	131
83	161
83	173
83	189
83	199
83	200
83	218
83	223
83	225
83	227
83	228
83	231
84	188
84	194
84	214
85	180
85	182
85	185
85	186
85	188
85	191
85	193
85	198
85	203
85	209
85	212
85	220
86	99
87	200
87	223
87	233
88	89
88	91
88	200
88	228
88	235
89	91
89	112
89	150
89	199
89	206
89	217
89	225
90	200
90	223
90	224
90	231
91	116
91	117
91	119
91	121
91	126
91	128
91	136
91	140
91	142
91	146
91	199
91	202
91	206
91	207
91	210
91	213
91	215
91	217
91	218
91	221
91	222
91	225
91	235
92	118
92	134
92	175
92	184
92	195
93	94
93	95
93	100
93	101
93	102
93	103
93	104
93	105
93	106
93	112
93	113
93	114
93	156
93	165
93	226
93	229
93	234
94	95
94	96
94	98
94	100
94	101
94	103
94	104
94	106
94	107
94	109
94	110
94	111
94	112
94	113
94	114
94	143
94	165
94	226
94	229
94	234
95	96
95	97
95	98
95	100
95	101
95	102
95	103
95	104
95	105
95	107
95	110
95	111
95	112
95	113
95	114
95	143
95	156
95	165
95	226
95	229
95	234
96	98
96	100
96	102
96	103
96	104
96	106
96	107
96	109
96	110
96	111
96	112
96	113
96	114
96	143
96	156
96	165
96	226
96	229
97	98
97	101
97	102
97	103
97	105
97	107
97	110
97	111
97	112
97	113
97	114
97	117
97	143
97	155
97	156
97	157
97	163
97	165
97	172
97	215
97	218
97	226
97	229
97	234
98	100
98	101
98	102
98	103
98	105
98	106
98	107
98	109
98	110
98	111
98	112
98	113
98	114
98	143
98	150
98	156
98	158
98	161
98	163
98	188
98	218
98	226
98	234
99	147
99	190
100	101
100	102
100	103
100	104
100	110
100	112
100	113
100	114
100	143
100	156
100	226
100	234
101	102
101	103
101	105
101	106
101	107
101	109
101	110
101	111
101	113
101	114
101	121
101	127
101	131
101	132
101	142
101	143
101	153
101	156
101	158
101	172
101	189
101	226
101	229
101	231
102	103
102	105
102	107
102	109
102	110
102	111
102	112
102	113
102	114
102	124
102	131
102	132
102	142
102	143
102	156
102	169
102	171
102	172
102	217
102	218
102	226
102	229
102	231
102	234
103	104
103	105
103	107
103	109
103	110
103	111
103	112
103	113
103	114
103	117
103	143
103	156
103	160
103	169
103	171
103	226
103	229
103	234
104	105
104	110
104	111
104	112
104	113
104	114
104	143
104	156
104	165
104	226
104	229
104	234
105	106
105	109
105	110
105	113
105	114
105	140
105	143
105	156
105	226
105	229
105	234
106	107
106	109
106	110
106	111
106	113
106	114
106	126
106	165
106	234
107	110
107	111
107	112
107	113
107	114
107	124
107	136
107	143
107	148
107	156
107	157
107	161
107	165
107	169
107	218
107	226
107	229
107	234
108	115
108	122
108	125
108	130
108	133
108	135
108	139
108	145
108	174
108	205
109	111
109	114
109	165
109	234
110	111
110	112
110	113
110	114
110	121
110	127
110	143
110	150
110	153
110	156
110	163
110	189
110	226
110	229
110	234
111	112
111	113
111	143
111	148
111	150
111	153
111	156
111	157
111	161
111	218
111	226
111	229
111	234
112	124
112	153
112	165
112	171
112	199
112	226
112	228
113	114
113	136
113	143
113	148
113	150
113	153
113	155
113	156
113	157
113	165
113	169
113	172
113	226
113	229
113	234
114	143
114	155
114	156
114	158
114	163
114	169
114	172
114	196
114	202
114	226
114	229
114	231
114	234
115	120
115	122
115	125
115	130
115	134
115	135
115	137
115	154
116	117
116	119
116	124
116	128
116	136
116	142
116	146
116	155
116	201
116	206
116	211
116	215
116	217
116	218
116	221
117	121
117	126
117	136
117	142
117	146
117	148
117	199
117	202
117	206
117	207
117	211
117	213
117	215
117	218
117	229
118	175
118	184
118	195
118	198
118	199
118	209
119	121
119	126
119	128
119	140
119	142
119	199
119	206
119	211
119	213
119	215
119	217
119	218
119	221
120	122
120	133
120	135
120	137
120	167
120	187
120	189
121	123
121	127
121	128
121	132
121	136
121	140
121	142
121	163
121	189
121	199
121	202
121	204
121	206
121	210
121	213
121	215
121	218
121	221
121	228
121	231
122	125
122	137
122	144
122	200
123	142
123	172
123	223
124	142
124	146
124	148
124	151
124	152
124	153
124	155
124	156
124	157
124	158
124	159
124	161
124	162
124	163
124	164
124	168
124	169
124	170
124	171
124	172
124	174
124	217
125	133
125	135
126	128
126	140
126	142
126	146
126	206
126	207
126	218
126	221
127	129
127	130
127	132
127	137
127	154
127	158
127	163
127	166
127	173
127	189
127	196
127	197
127	227
127	231
128	136
128	142
128	146
128	199
128	202
128	204
128	206
128	210
128	211
128	215
128	218
128	221
129	130
129	132
129	141
129	145
129	166
129	167
129	173
129	178
129	183
129	187
129	189
129	192
129	197
129	205
129	227
130	131
130	138
130	139
130	144
130	145
130	153
130	173
130	178
130	189
130	192
130	196
130	197
130	199
130	205
130	217
130	227
130	228
131	139
131	144
131	161
131	166
131	173
131	177
131	187
131	189
131	192
131	196
131	205
131	223
131	227
132	142
132	154
132	172
132	173
132	178
132	183
132	187
132	189
132	196
132	197
132	231
133	135
133	137
134	154
134	175
134	184
135	137
135	197
136	157
136	169
136	202
136	213
136	215
136	217
136	218
136	221
136	228
137	144
137	145
138	139
138	166
138	197
138	227
139	166
139	173
139	177
139	197
139	227
140	142
140	146
140	204
140	210
140	218
141	154
141	166
141	178
141	183
141	196
141	197
142	146
142	171
142	172
142	199
142	206
142	207
142	210
142	211
142	213
142	215
142	217
142	218
142	222
142	229
143	156
143	159
143	165
143	226
143	229
143	234
144	145
144	154
144	166
144	173
144	178
144	183
144	196
144	197
144	227
145	167
145	178
145	183
145	187
145	189
145	192
145	205
146	155
146	202
146	206
146	207
146	211
146	213
146	217
146	218
148	150
148	151
148	153
148	155
148	157
148	158
148	161
148	168
148	169
148	170
148	172
148	174
148	176
148	229
148	234
149	152
149	153
149	162
149	168
150	151
150	152
150	153
150	156
150	157
150	159
150	161
150	162
150	164
150	168
150	169
150	170
150	172
150	174
150	217
150	218
150	234
151	152
151	153
151	155
151	157
151	158
151	162
151	163
151	164
151	168
151	169
151	170
151	171
151	172
151	174
151	176
152	153
152	155
152	157
152	159
152	160
152	162
152	171
152	174
152	176
153	157
153	158
153	162
153	163
153	168
153	169
153	170
153	199
153	228
153	234
154	183
154	189
154	192
154	196
154	227
155	156
155	158
155	159
155	160
155	161
155	162
155	163
155	164
155	168
155	169
155	172
155	174
155	176
155	229
156	165
156	218
156	226
156	229
156	234
157	158
157	160
157	161
157	162
157	168
157	169
157	170
157	171
157	172
157	174
157	176
158	162
158	163
158	168
158	169
158	170
158	171
158	189
158	196
158	202
158	231
159	160
159	164
159	168
159	169
159	172
159	174
159	176
160	161
160	162
160	164
160	172
160	174
160	176
161	162
161	163
161	164
161	168
161	169
161	170
161	172
161	173
161	176
161	223
161	227
162	163
162	164
162	168
162	169
163	164
163	168
163	169
163	170
163	171
163	172
163	189
164	169
164	170
164	172
164	174
165	234
166	173
166	178
166	188
166	189
166	192
166	193
166	196
166	197
166	203
166	227
167	178
167	183
167	187
167	192
167	205
168	169
168	170
168	171
168	172
168	174
168	176
169	171
169	172
169	174
170	171
170	172
171	199
171	234
172	176
173	177
173	178
173	189
173	196
173	205
173	223
173	227
174	176
175	179
175	184
175	195
175	198
177	187
177	196
177	205
178	189
178	192
178	196
178	197
178	205
178	227
179	180
179	181
179	185
179	188
179	191
179	193
179	194
179	195
179	198
179	203
179	208
179	209
179	216
179	219
179	220
180	188
180	193
180	198
180	209
181	185
181	186
181	194
181	212
181	219
182	191
182	193
182	203
182	212
182	220
183	189
183	192
183	197
184	188
184	195
185	186
185	188
185	191
185	193
185	208
185	212
185	214
185	220
186	188
186	191
186	194
186	203
186	208
186	212
186	219
186	220
187	192
187	196
187	197
188	191
188	192
188	193
188	194
188	198
188	203
188	209
188	216
188	219
188	220
189	192
189	196
189	197
189	205
189	227
189	228
189	231
191	198
191	203
191	208
191	216
191	219
191	220
192	193
192	196
192	203
192	220
193	198
193	203
193	219
193	220
194	208
194	209
194	212
194	216
194	219
195	198
196	200
196	202
196	205
196	227
196	231
197	205
198	203
198	209
198	212
198	216
198	219
199	200
199	201
199	202
199	204
199	206
199	211
199	215
199	217
199	218
199	228
199	231
200	218
200	223
200	225
200	227
200	231
200	233
201	215
201	217
201	218
202	207
202	210
202	213
202	215
202	218
202	228
202	231
203	208
203	209
203	214
203	220
204	210
204	217
204	218
206	215
206	217
206	218
206	221
206	228
207	213
207	215
208	209
208	212
208	216
208	219
208	220
209	212
209	216
210	211
210	215
210	217
210	218
210	222
211	213
211	218
212	219
212	220
213	221
214	220
215	217
215	218
215	221
215	222
216	219
217	218
218	221
218	222
218	228
218	229
218	234
223	224
223	227
223	228
223	231
224	231
224	232
225	228
225	233
225	235
226	229
226	234
228	231
228	232
229	234
230	233
230	235
231	233
231	235
232	233
